   V1 V2 V3 V4 V5 V6 V7 V8 V9 V10 V11 V12 V13 V14 V15
1   1  6  1  1  1  2  3  1  4   5   2   3   1   3   4
2   1  6  1  1  1  2  3  1  4   2   2   3   1   3   4
3   1  2  1  1  4  1  3  1  4   1   2   3   1   3   4
4   1  2  1  1  1  4  4  1  4   4   1   3   1   3   4
5   1  5  1  1  4  1  5  3  4   1   1   3   1   5   4
6   1  5  1  1  4  4  5  3  4   4   1   3   1   5   4
7   1  5  1  1  4  4  5  3  4   4   1   3   1   6   4
8   1  1  1  1  2  1  1  1  1   1   1   3   4   5   1
9   1  1  1  1  1  1  1  1  1   1   1   1   4   2   1
10  2  3  2  3  3  1  1  2  3   1   2   2   3   3   1
11  2  3  2  3  3  1  1  2  3   1   2   2   3   5   1
12  2  2  2  3  3  1  1  2  3   1   2   2   3   5   1
13  1  4  2  3  3  1  1  2  3   1   2   2   3   3   1
14  1  2  2  3  3  1  1  2  3   4   2   2   2   3   1
15  1  2  2  3  3  2  1  2  5   2   2   2   2   3   1
16  1  3  2  3  3  3  2  1  2   1   2   2   2   2   2
17  1  4  2  1  3  4  2  1  2   4   2   2   2   2   1
18  1  4  2  1  3  4  1  1  2   1   2   2   2   5   1
19  1  3  2  3  3  3  2  1  2   1   2   2   2   3   2
20  1  2  2  2  1  3  2  1  2   1   2   2   2   2   2
21  2  4  2  1  3  1  2  1  2   2   2   2   2   4   2
22  1  4  2  1  3  2  2  1  2   5   2   2   2   3   3
23  1  4  2  1  3  4  2  1  2   2   2   2   2   5   1
24  1  3  2  3  3  3  2  1  2   3   2   2   2   4   2
25  1  3  2  3  3  3  2  1  2   1   2   2   2   4   2
26  1  3  2  3  3  3  2  1  2   4   2   2   2   5   2
27  1  2  2  3  3  3  2  1  2   1   2   2   2   2   2
28  1  3  2  3  3  3  2  1  2   1   2   2   2   5   2
29  1  2  2  1  1  1  2  1  2   4   2   2   2   5   2
30  1  2  2  1  2  1  2  1  2   1   2   2   2   5   2
31  2  4  2  1  1  2  2  1  2   3   1   2   3   3   2
32  2  3  2  4  2  2  2  1  3   1   1   1   5   1   2
33  2  3  2  4  2  2  2  1  1   1   1   1   5   1   2
34  2  3  2  4  2  2  2  1  3   2   1   1   2   1   2
35  2  3  2  4  2  2  2  1  3   2   1   1   5   1   2
